[ 20,  19,  18,  22,  25,  50,  24,  21,  19,  21,  22,  15,  16, 50,  52,  51,  52,  55,  54,  23,  18,  23,  20,  22,  41,  43, 20,  16,  16,  20,  24,  30,  42,  40,  35,  42,  70,  55,  52, 29,  33,  35,  35,  40,  28,   5,  19,  54,  29,  20]

[ 23,  12,   7,  15,  31,  96,  25,  13,  29,  33,   4,  19,  20, 50,  51,  50,  52,  49,  53,   7,  11,   9,  11,  11,  11,  11, 11,  12,  10,   9,  15,   6,  10,  21,   9,  16,  19,  55,  56, 25,  26,  32,  33,  36,  16,   8,  21,  49,  10,  14]


[
  [23, 12, 7, 15, 31, 96, 25, 13, 29, 33, 4, 19, 20, 50, 51, 50, 52, 49, 53, 7, 11, 9, 11, 11, 11, 11,11, 12, 10, 9, 15, 6, 10, 21, 9, 16, 19, 55, 56,
    25, 26, 32, 33, 36, 16, 8, 21, 49, 10, 14
  ],
  [22, 25, 26, 26, 19, 49, 27, 39, 32, 21, 39, 11, 17,
    48, 48, 50, 50, 60, 55, 22, 9, 15, 9, 14, 15, 13,
    14, 15, 13, 14, 18, 30, 25, 20, 20, 26, 14, 60, 59,
    27, 37, 35, 27, 41, 28, 0, 14, 53, 20, 21
  ],
  [17, 16, 15, 21, 28, 28, 21, 7, 1, 16, 15, 16, 14,
    52, 56, 53, 54, 53, 54, 31, 31, 38, 36, 36, 83, 88,
    31, 20, 21, 32, 35, 42, 75, 70, 64, 70, 151, 50, 43,
    34, 32, 37, 45, 40, 35, 8, 22, 58, 48, 23
  ],
  [31, 24, 12, 9, 22, 27, 39, 12, 12, 27, 17, 23, 15,
    55, 44, 53, 55, 58, 50, 30, 16, 35, 4, 12, 7, 6,
    13, 43, 4, 5, 5, 4, 0, 18, 134, 50, 70, 71, 44,
    24, 89, 15, 0, 12, 6, 4, 13, 32, 83, 82
  ],
  [8, 12, 14, 14, 19, 24, 31, 6, 19, 18, 22, 15, 19,
    52, 55, 52, 50, 50, 71, 8, 2, 26, 21, 20, 45, 57,
    2, 0, 0, 0, 57, 115, 15, 236, 133, 228, 224, 235, 227,
    46, 84, 5, 72, 31, 57, 0, 58, 50, 139, 31
  ],
  [15, 9, 10, 14, 15, 20, 19, 4, 30, 48, 64, 61, 14,
    53, 52, 50, 151, 4, 2, 34, 15, 14, 21, 53, 20, 3,
    7, 5, 6, 0, 4, 26, 177, 196, 221, 227, 227, 222, 230,
    232, 227, 78, 50, 20, 116, 15, 77, 95, 43, 70
  ],
  [13, 10, 12, 13, 6, 4, 4, 1, 28, 34, 56, 47, 13,
    54, 7, 6, 103, 5, 23, 26, 18, 47, 86, 82, 58, 3,
    0, 10, 2, 14, 70, 187, 240, 221, 195, 217, 76, 39, 12,
    150, 121, 139, 129, 0, 72, 216, 234, 208, 51, 71
  ],
  [8, 12, 13, 11, 4, 0, 5, 2, 28, 51, 81, 36, 50,
    11, 12, 10, 12, 3, 11, 6, 8, 7, 1, 13, 11, 24,
    20, 24, 26, 20, 20, 255, 208, 208, 218, 214, 216, 22, 143,
    183, 222, 37, 7, 3, 190, 182, 189, 88, 134, 70
  ],
  [13, 10, 27, 6, 28, 14, 11, 3, 63, 113, 105, 54, 58,
    58, 7, 31, 104, 7, 5, 42, 87, 85, 78, 87, 90, 97,
    107, 104, 73, 84, 237, 247, 246, 235, 96, 164, 34, 173, 243,
    61, 71, 89, 3, 0, 131, 120, 92, 11, 30, 74
  ],
  [0, 4, 5, 7, 17, 0, 39, 74, 159, 0, 53, 73, 73,
    74, 83, 69, 83, 82, 82, 85, 80, 93, 98, 97, 111, 72,
    70, 85, 230, 226, 227, 227, 88, 16, 178, 183, 235, 176, 97,
    65, 71, 65, 1, 2, 104, 97, 75, 25, 61, 85
  ],
  [22, 30, 17, 3, 2, 250, 198, 64, 30, 23, 71, 70, 71,
    73, 74, 153, 140, 81, 84, 91, 93, 88, 99, 78, 73, 81,
    99, 240, 222, 214, 224, 65, 50, 62, 0, 92, 52, 62, 58,
    59, 60, 95, 0, 4, 88, 57, 47, 37, 48, 89
  ],
  [31, 29, 114, 78, 86, 52, 56, 75, 68, 69, 71, 76, 74,
    79, 190, 86, 92, 39, 82, 76, 78, 82, 71, 83, 32, 136,
    210, 205, 211, 218, 146, 32, 35, 59, 68, 62, 54, 54, 49,
    56, 50, 3, 8, 25, 57, 59, 51, 2, 63, 85
  ],
  [18, 8, 52, 182, 164, 57, 83, 63, 64, 79, 77, 80, 70,
    78, 81, 75, 79, 82, 92, 90, 184, 69, 255, 135, 245, 213,
    204, 208, 204, 203, 57, 33, 5, 0, 5, 49, 68, 44, 49,
    53, 47, 70, 31, 57, 42, 7, 43, 12, 67, 79
  ],
  [55, 114, 85, 146, 47, 73, 62, 75, 79, 71, 69, 72, 87,
    74, 82, 90, 86, 91, 91, 83, 83, 92, 130, 191, 209, 195,
    201, 187, 187, 197, 18, 1, 5, 6, 42, 7, 60, 41, 52,
    155, 173, 177, 115, 24, 35, 51, 8, 61, 61, 82
  ],
  [53, 57, 121, 14, 55, 59, 87, 79, 77, 81, 83, 83, 75,
    89, 82, 89, 94, 101, 114, 136, 77, 238, 200, 199, 157, 109,
    80, 63, 61, 52, 37, 9, 9, 0, 38, 7, 65, 111, 104,
    74, 11, 6, 108, 41, 30, 49, 39, 44, 58, 56
  ],
  [160, 161, 111, 18, 59, 62, 79, 73, 74, 79, 79, 79, 142,
    54, 68, 22, 5, 1, 6, 59, 127, 153, 105, 77, 62, 60,
    57, 61, 54, 25, 40, 82, 7, 5, 8, 7, 117, 6, 39,
    102, 26, 38, 51, 47, 55, 49, 57, 58, 71, 79
  ],
  [71, 46, 65, 19, 1, 8, 7, 3, 17, 24, 32, 65, 92,
    84, 80, 19, 5, 2, 61, 127, 249, 78, 69, 58, 57, 54,
    52, 54, 53, 7, 28, 7, 1, 0, 40, 5, 39, 43, 46,
    48, 42, 56, 56, 63, 54, 72, 62, 55, 56, 53
  ],
  [153, 23, 20, 0, 0, 24, 3, 3, 13, 67, 67, 9, 8,
    6, 15, 13, 16, 39, 156, 38, 249, 67, 59, 6, 8, 7,
    51, 46, 48, 4, 13, 4, 6, 37, 22, 20, 38, 121, 149,
    125, 89, 62, 64, 77, 70, 64, 87, 75, 59, 70
  ],
  [48, 19, 16, 16, 14, 6, 15, 9, 13, 74, 29, 28, 97,
    101, 17, 10, 14, 9, 59, 92, 69, 21, 4, 6, 4, 12,
    4, 69, 32, 3, 17, 9, 4, 5, 25, 70, 60, 56, 53,
    45, 62, 41, 75, 70, 53, 85, 85, 71, 69, 75
  ],
  [34, 44, 32, 24, 42, 25, 13, 14, 10, 71, 80, 68, 63,
    9, 8, 2, 4, 0, 151, 94, 65, 25, 18, 3, 6, 32,
    4, 13, 22, 0, 7, 19, 43, 67, 40, 49, 53, 49, 43,
    63, 64, 92, 43, 59, 49, 66, 58, 64, 66, 166
  ],
  [67, 53, 52, 36, 47, 36, 27, 39, 18, 85, 25, 26, 21,
    27, 21, 27, 3, 50, 3, 92, 89, 64, 12, 8, 5, 60,
    71, 72, 37, 41, 29, 55, 42, 19, 83, 65, 116, 55, 64,
    85, 73, 61, 54, 58, 116, 77, 75, 169, 180, 178
  ],
  [62, 57, 54, 52, 62, 33, 38, 28, 43, 65, 18, 6, 16,
    26, 39, 50, 64, 68, 62, 44, 36, 59, 34, 83, 120, 20,
    32, 41, 26, 53, 50, 81, 82, 99, 70, 67, 40, 58, 60,
    71, 68, 95, 63, 94, 84, 122, 157, 188, 181, 173
  ],
  [62, 44, 54, 50, 75, 47, 43, 53, 63, 42, 48, 40, 62,
    30, 51, 49, 45, 29, 42, 60, 108, 120, 101, 54, 47, 40,
    66, 52, 50, 39, 48, 38, 78, 58, 51, 78, 37, 79, 68,
    52, 61, 46, 64, 122, 64, 185, 185, 171, 175, 177
  ]
],